             precision    recall  f1-score   support

          1       0.68      0.87      0.76        31
          2       0.57      0.84      0.68        31
          3       0.00      0.00      0.00         1
          4       1.00      0.33      0.50         9
          5       1.00      0.17      0.29         6
          6       0.57      0.47      0.52        17
          8       0.00      0.00      0.00         1
          9       0.00      0.00      0.00         8

avg / total       0.61      0.62      0.57       104


             precision    recall  f1-score   support

          1       0.58      0.90      0.70        29
          2       0.57      0.75      0.65        32
          4       0.67      0.22      0.33         9
          5       0.50      0.50      0.50         2
          6       0.67      0.35      0.46        23
          9       0.00      0.00      0.00         9

avg / total       0.55      0.59      0.54       104


             precision    recall  f1-score   support

          1       0.70      0.81      0.75        32
          2       0.57      0.84      0.68        32
          3       1.00      1.00      1.00         1
          4       0.67      0.18      0.29        11
          5       0.00      0.00      0.00         7
          6       0.50      0.44      0.47        16
          9       0.00      0.00      0.00         5

avg / total       0.55      0.61      0.55       104


             precision    recall  f1-score   support

          1       0.78      0.97      0.86        32
          2       0.57      0.81      0.67        26
          3       1.00      0.50      0.67         2
          4       0.88      0.64      0.74        11
          5       0.00      0.00      0.00         9
          6       0.61      0.58      0.59        19
          7       0.00      0.00      0.00         1
          9       0.00      0.00      0.00         4

avg / total       0.60      0.68      0.63       104


             precision    recall  f1-score   support

          1       0.66      0.86      0.75        29
          2       0.46      0.76      0.58        25
          3       0.00      0.00      0.00         3
          4       0.20      0.08      0.12        12
          5       0.50      0.22      0.31         9
          6       0.56      0.47      0.51        19
          7       0.00      0.00      0.00         1
          9       0.00      0.00      0.00         6

avg / total       0.46      0.54      0.48       104


             precision    recall  f1-score   support

          1       0.73      0.92      0.81        36
          2       0.48      0.79      0.60        29
          3       0.00      0.00      0.00         1
          4       0.00      0.00      0.00         9
          5       1.00      0.09      0.17        11
          6       0.38      0.33      0.35         9
          9       0.00      0.00      0.00         9

avg / total       0.53      0.58      0.50       104


             precision    recall  f1-score   support

          1       0.71      0.94      0.81        31
          2       0.53      0.74      0.62        27
          3       0.00      0.00      0.00         0
          4       0.40      0.20      0.27        10
          5       0.50      0.38      0.43         8
          6       0.54      0.37      0.44        19
          9       0.00      0.00      0.00         9

avg / total       0.52      0.59      0.54       104


             precision    recall  f1-score   support

          1       0.80      0.93      0.86        30
          2       0.44      0.80      0.57        25
          3       0.00      0.00      0.00         2
          4       0.60      0.17      0.26        18
          5       0.50      0.09      0.15        11
          6       0.24      0.44      0.31         9
          7       0.00      0.00      0.00         2
          9       0.00      0.00      0.00         7

avg / total       0.51      0.54      0.47       104


             precision    recall  f1-score   support

          1       0.82      0.92      0.87        36
          2       0.46      0.95      0.62        22
          3       0.00      0.00      0.00         2
          4       0.80      0.44      0.57         9
          5       1.00      0.20      0.33         5
          6       0.58      0.41      0.48        17
          8       0.00      0.00      0.00         1
          9       0.00      0.00      0.00        12

avg / total       0.59      0.63      0.58       104


             precision    recall  f1-score   support

          1       0.68      0.80      0.74        35
          2       0.39      0.74      0.51        23
          3       0.00      0.00      0.00         1
          4       0.67      0.40      0.50        15
          5       0.67      0.18      0.29        11
          6       0.40      0.35      0.38        17
          7       0.00      0.00      0.00         2
          9       0.00      0.00      0.00         8

avg / total       0.51      0.53      0.49       112


