             precision    recall  f1-score   support

          1       0.00      0.00      0.00        18
          2       0.00      0.00      0.00         3
          3       0.00      0.00      0.00         4
          4       0.00      0.00      0.00        10
          5       0.47      0.98      0.63        49
          6       0.00      0.00      0.00        19
          8       0.00      0.00      0.00         1
          9       0.00      0.00      0.00         1

avg / total       0.22      0.46      0.29       105


             precision    recall  f1-score   support

          1       1.00      0.07      0.12        15
          2       0.00      0.00      0.00         6
          3       0.00      0.00      0.00         2
          4       0.00      0.00      0.00        11
          5       0.44      0.98      0.61        46
          6       0.50      0.05      0.08        22
          8       0.00      0.00      0.00         1
          9       0.00      0.00      0.00         2

avg / total       0.44      0.45      0.30       105


             precision    recall  f1-score   support

          1       0.00      0.00      0.00        16
          2       0.00      0.00      0.00         9
          3       0.00      0.00      0.00         2
          4       0.00      0.00      0.00         8
          5       0.35      0.97      0.51        37
          6       0.00      0.00      0.00        32
          7       0.00      0.00      0.00         1

avg / total       0.12      0.34      0.18       105


             precision    recall  f1-score   support

          1       0.00      0.00      0.00        24
          2       0.00      0.00      0.00         4
          3       0.00      0.00      0.00         2
          4       0.00      0.00      0.00         7
          5       0.42      0.98      0.59        44
          6       0.00      0.00      0.00        24

avg / total       0.17      0.41      0.25       105


             precision    recall  f1-score   support

          1       0.40      0.13      0.20        15
          2       0.00      0.00      0.00         7
          3       0.00      0.00      0.00         3
          4       0.00      0.00      0.00        10
          5       0.36      0.92      0.51        38
          6       0.50      0.04      0.07        27
          7       0.00      0.00      0.00         1
          8       0.00      0.00      0.00         1
          9       0.00      0.00      0.00         3

avg / total       0.31      0.36      0.23       105


             precision    recall  f1-score   support

          1       0.00      0.00      0.00        16
          2       0.00      0.00      0.00        11
          3       0.00      0.00      0.00         1
          4       0.00      0.00      0.00        11
          5       0.41      0.98      0.58        43
          6       0.00      0.00      0.00        22
          9       0.00      0.00      0.00         1

avg / total       0.17      0.40      0.24       105


             precision    recall  f1-score   support

          1       0.20      0.07      0.11        14
          2       0.00      0.00      0.00        10
          3       0.00      0.00      0.00         4
          4       0.00      0.00      0.00         6
          5       0.35      0.95      0.51        37
          6       0.00      0.00      0.00        28
          9       0.00      0.00      0.00         6

avg / total       0.15      0.34      0.20       105


             precision    recall  f1-score   support

          1       0.00      0.00      0.00        18
          2       0.00      0.00      0.00        13
          3       0.00      0.00      0.00         3
          4       0.00      0.00      0.00         5
          5       0.41      0.98      0.58        43
          6       0.00      0.00      0.00        21
          8       0.00      0.00      0.00         1
          9       0.00      0.00      0.00         1

avg / total       0.17      0.40      0.24       105


             precision    recall  f1-score   support

          1       0.00      0.00      0.00        18
          2       0.00      0.00      0.00         7
          3       0.00      0.00      0.00         2
          4       0.00      0.00      0.00        10
          5       0.40      0.98      0.57        42
          6       0.00      0.00      0.00        22
          7       0.00      0.00      0.00         1
          9       0.00      0.00      0.00         3

avg / total       0.16      0.39      0.23       105


             precision    recall  f1-score   support

          1       0.00      0.00      0.00        22
          2       0.00      0.00      0.00        10
          3       0.00      0.00      0.00         1
          4       0.00      0.00      0.00         6
          5       0.38      0.95      0.55        43
          6       0.33      0.04      0.07        24
          8       0.00      0.00      0.00         1
          9       0.00      0.00      0.00         4

avg / total       0.22      0.38      0.23       111


